                                                                                                                                                                                                                                                                                                                                                                        
                                                                                                                                                                                                                                                                                                                                                                        
                                                                                                                                                                                                                                                                                                                                                                        
                                                                                                                                                                                                                                                          1 1 1 1 1 1 1 1 1 1 1 1 1 1 1 1 1 1 1 1 1 1 1 1 1                                                             
                                                                                                                                                                                                                                                1 1 1 1 1       1 1 1 1 1 1 1 1 1 1 1 1 1 1 1 1 1 1 1       1 1 1 1 1                                                   
                                                                                                                                                                                                                                        1 1 1 1     1 1 1 1 1 1           1 1 1 1 1 1 1 1 1           1 1 1 1 1 1     1 1 1 1                                           
                                                                                                                                                                                                                                1 1 1 1   1 1 1 1 1     1 1 1 1 1 1 1 1 1                   1 1 1 1 1 1 1 1 1     1 1 1 1 1   1 1 1                                     
                                                                                                                                                                                                                          1 1 1     1 1 1     1 1 1 1 1                                                       1 1 1 1 1     1 1 1   1 1 1                               
                                                                                                                                                                                                                      1 1   1 1 1 1   1 1 1 1                       1 1 1 1 1 1 1 1 1 1 1 1 1 1 1                       1 1 1 1   1 1 1 1 1 1 1                         
                                                                                                                                                                                                                1 1 1 1 1 1   1 1 1 1               1 1 1 1 1 1 1 1                               1 1 2 2 2 1 1 1               1 1 1 1   1 1 1 1 1 1                   
                                                                                                                                                                                                            1 1   1 1   1 1 1     1 1 1 1 2 3 3 3 3 2 2 2 3 3 3 3 2 2 2 2 2 3 3 3 2 2 2 2 2 2 2 2 2 2 1 1 1 2 1 1 2 2 2 2 2 1 1 1 1     1 1 1   1 1   1 1               
                                                                                                                                                                                                        1 1 1 1 1 1 1 2 1 2 2 3 3 3 3 3 4 3 2 3 3 3 3 3 3 2 1 1 1 3 3 3 3 2 1 1 1 2 3 2 2 2 2 1 1 1 1 1 1 1 1 2 2 2 1 1 1   1 1 1 1 1 1 1 1 1 2 1 1 1 1 1 1 1           
                                                                                                                                                                                                  1 1 1 1 1 1 3 3 3 4 3 3 2 3 2 2 1 2 2 1 1 1           1 1 2 2 2 1 2 2 2 3 3 5 4 4 3 4 3 2 2 3 2 2 2 2 1 1 1 1 1 1 2 2 1 2 2 2 2 1 2 1 1 1     1 1 2 2   1 1 1 1       
                                                                                                                                                                                              1 1   2 4 6 6 5 3 3 2 1 2 2 2 1 2 2 2 1 1 1 1 1 1 1 2 2 3 2 2 2 2 3 3 2 2 3 3 3 1 2 2 2 2 3 3 3 3 4 3 3 3 3 3 3 3 3 2 2 2 2 2 2 2 3 4 4 4 4 3 4 4 3 2 2 2 4 4 4 3 2 1 1 1 
3 2 2 1                                                                                                                                                                                   2 2 4 6 6 5 4 1 1 1 1 2 2 2 2 2 2 2 1 1 1 1 1 1 2 3 3 3 3 3 3 3 3 5 4 3 3 3 3 1 1 1 1 1 2 2 2 2 3 3 3 3 5 4 3 4 3 2 4 3 4 4 4 5 5 4 4 3 3 3 3 3 4 4 4 3 4 4 4 2 2 2 4 4 4 4 2 
4 5 3 2 2 2 2 2 1 1                                                                                                                                                             1 1 1 2 6 6 6 3 2 2 1 1 1 2 2 2 2 2 2 1 1 1 1 1 1 2 3 3 3 3 2 4 4 4 4 3 3 3 1 3 2 2 2 2 3 2 2 2 1       1 1 1 1 2 1 3 5 5 6 7 5 6 5 5 4 4 3 2 2 2 2 2 2 2 2 2 2 3 3 3 2 3 3 2 2 2 3 3 4 
2 2 3 3 4 2 2 2 2 1 2 2 1 1                                                                                                                                             1 1 1 1 1 5 6 6 2 1 2 2 1 1 2 1 1 1 1 1           1 2 2 3 2 3 4 4 4 4 2 2 1 1 1 1 1 1   1 1 1 1 1 2 1 1 3 3 2 3 1 1 3 4 3 3 3 2 2 2 3 3 3 3 3 4 3 4 5 5 5 3 2 3 2 2 2 1 2 2 1 2 2 2 2 2 2 2 2 2 
1 1 1 3 2 3 3 1 1 2 2 2 2 1 2 2 1 1                                                                                                                               1 1 1 1 1 5 5 6 2 2 2 2 1     1 1   2 2 1 1 1 1 2 3 3 3 4 4 5 5 7 5 4 5 4 4 4 4 4 4 4 3 4 4 4 4 3 3 1 2 3 4 5 4 4 8 7 10 10 7 6 5 5 4 4 4 4 3 3 2 3 3 3 3 3 3 2 2 3 4 4 4 4 2 3 2 2 2 2 2 2 3 3 3 3 2 1 
3 3 2 1 2 2 1 2 3 2 1 1 1 2 2 2 2 1 2 1 1                                                                                                                 1 1 1 1 1 1 3 5 5 2 2 1 1 1     1 2 2 2 2 3 2 2 2 3 4 4 3 4 4 6 5 5 4 4 2 2 2 1 1 3 3 3 4 4 5 6 5 5 5 5 8 9 11 11 12 16 15 15 15 9 8 6 5 5 4 5 4 4 3 2 2 2 2 3 1 1 1 2 2 3 2 2 2 2 2 2 2 3 3 3 3 3 3 3 2 1 1 2 3 3 3 
3 3 3 3 2 2 3 1 1 1 1 1 1 1 1 1 1 2 2 2 1 2 1 1                                                                                                     1 1 1 1 1 1 2 5 5 3 1 1 1 1 2 2 1 1 2 3 3 3 2 3 2 1 2 2 2 2 3 4 3 4 2 2 2 2 1 2 3 4 4 4 2 2 3 3 4 3 3 3 4 5 7 7 7 9 8 6 2 2 2 2 5 5 5 6 6 6 5 5 5 4 5 3 2 1 1 3 4 4 4 3 3 4 4 4 3 3 2 2 1 1 2 1 2 2 3 3 3 3 1 1 1 3 
1 1 3 3 3 3 2 3 3 3 3 1 1 1 1   1 1 1 1 2 2 2 1 2 1 1                                                                                           1 1 1 1 1 1 3 5 4     1 2 2 2 2 2 3 3 3 3 2 1 1 1 2 2 2 2 2 2 3 3 4 3 3 5 4 4 4 4 4 4 3 4 5 5 5 4 3 3 5 6 8 8 8 8 6 5 2 2 2 2 2 2 2 2 3 3 3 4 6 6 7 6 8 6 7 6 7 7 6 4 2 2 2 2 3 3 4 5 4 4 4 3 3 2 2 2 1 1 2 3 3 4 3 3 1 
4 4 1 1 2 3 3 3 2 3 3 3 3 2 1 1 1     1 1 1 2 2 2 2 1 2 1 1                                                                               1 1 2 1 1 1 2 4 4 2   1 2 3 2 3 3 2 3 1 2 2 2 2 1 2 2 2 1 1 2 4 6 6 5 5 4 4 4 3 4 4 4 5 4 3 3 3 2 3 3 4 6 7 5 5 5 5 4 2 2 2 3 3 3 2 2 3 3 3 2 2 3 3 2 3 3 4 4 5 6 8 7 6 5 5 5 4 5 5 4 3 2 1 2 4 4 7 5 5 4 4 3 2 1 1 1 2 2 3 4 
2 2 4 4 3 2 2 4 4 3 1 3 3 3 2 1 1 2 1         1 1 1 2 2 2 1 1 1 1                                                                   1 1 1 1 1 1 1 2 3 3 1 1 1 2 2 3 3 3   2 2 2 2 1 1 1 1 2 2 2 3 3 5 8 5 4 4 4 4 4 4 3 3 2 1 2 1 2 3 3 3 3 5 6 6 5 4 5 4 2 1 1 1 1 1 2 2 2 3 4 3 2 2 4 4 3 2 2 2 1 1 1 2 2 2 3 3 4 5 6 6 4 3 3 2 3 4 3 3 2 1 2 3 4 4 5 4 4 4 2 1 1 1 2 
1 1 2 2 2 3 4 3 3 3 4 4 3 2 4 4 3   1 2 2         1 1 1 1 2 2 2 1 1 1                                                           1 1 1 1 1 1 1 2 3 3 2 1 1 1 3 3 3 2 1 2 2 2 2 1 2 2 2 2 3 3 2 3 6 6 6 3 4 3 3 2 3 2 4 4 3 3 3 3 4 4 4 4 5 6 4 4 4 3 2 1 1 1 1 2 2 2 3 2 2 3 3 2 2 3 3 2 1 1 2 2 2 4 3 3 2 2 1 1 2 3 3 3 4 5 5 5 5 4 3 4 4 4 4 4 3 2 2 1 3 3 3 3 3 3 3 1 
2 2   1 2 2 2 2 3 2 3 3 4 4 3 4 3 4 3 1   2 2 1         1 1 2 1 2 2 1 1 1 1                                                 1 1 1 1 1 1 2 2 3 3 2 1 1 2 3 3 2 2 1   2 2 3 1 1 2 2 3 3 3 2 2 6 7 5 4 4 4 3 4 4 4 2 2   2 3 3 4 4 3 3 3 4 3 3 3 1       1 1 2 2 1 2 2 1 1 1     1 1 1 1 1 2 2 3 3 3 2 3 2 3 3 4 4 2 2 1 2 2 3 3 4 5 4 4 2 2 2 3 4 4 5 4 5 4 3 3 3 4 3 3 3 
4 3 3 3 2     1 1 2 3 2 3 3 3 4 4 4 4 3 2 1 1 1 2 1           1 1 1 2 2 2   1 1                                       1 1 2 1 2 1 1 1 2 3 3 2 1 2 2 1 2 2 2 1 1 3 4 2 1 1 2 3 3 2 1 1 2 9 10 7 7 5 5 5 5 5 4 3 4 4 5 5 4 3 4 4 4 4 4 4 4 4 3 2 4 4 5 5 5 5 4 3 3 2 4 4 4 3 4 4 3 3 3 3 3 2 2 1 1 1 1 1 2 2 2 1 1 3 2 3 3 3 1 1 1 2 3 3 5 3 2 1 1 1 2 3 4 4 5 5 5 3 3 3 4 
3 3 4 3 3 3 3 3 1 1 1 2 1 2 3 2 3 4 3 5 6 4 2 2 1 1 2 1 1         1 1 2 1 3 2   1 1                               1 1 1 1 1 1   1 2 3 3 2 2 2 1   2 3 2 2 2 3 3 3 2 3 5 4 5 6 7 9 16 17 16 9 7 6 6 6 6 4 4 4 4 5 4 5 5 6 4 5 5 5 4 5 5 4 3 3 3 5 5 4 3 3 2 3 2 3 4 4 2 2 2 3 2 2 1 1 1 1 1 1 1 1 1 1 1 1 1 1 1 1 1 1 2 2 2 2 3 4 4 3 2 2 2 3 4 4 1 2 1 1   1 2 2 4 4 5 5 3 
4 4 2 2 3 3 3 3 3 3 2 1 2 2 1 1 2 2 3 3 4 3 4 3 3 2 2 2 1 1 1           1 1 1 3 2   1 1                       1 1 1 1 1 1   1 3 3 4 3 2 1   2 2 3 5 5 4 4 6 6 5 4 7 7 6 8 6 7 10 9 2 1 1 2 2 2 1 1 1 2 2 2 3 2 3 2 2 1 3 4 3 3 5 4 5 6 6 6 5 3 3 3 4 5 5 4 6 6 5 4 4 4 4 3 3 4 5 5 5 5 5 6 5 4 4 4 3 3 3 3 2 3 3 3 3 3 3 2 3 2 2 3 5 5 5 5 4 5 7 5 3 1 2 1 1     2 3 3 4 
3 3 4 4 4 3 2 1 2 3 3 3 3 2 2 3 2 2 2 3 1 4 5 6 3 3 3 1 2 3 1 1 1 1         1 1 1 3 2 1 1 1               1 1 1 2 1 1   2 3 3 3 4 2 2 3 3 3 3 6 7 4 4 5 6 4 4 4 6 4 3 4 4 7 7 2 1 2 2 2 1 2 2 1 1 2 1 1 1 1 1 1 1 2 5 4 3 4 4 3 5 4 3 4 3 5 5 4 5 4 3 2 2 2 3 2 3 3 3 3 4 4 2 2 2 2 1 1 2 3 4 4 4 5 4 4 4 5 4 4 4 4 3 1 2 2 2 2 2 2 2 2 3 5 3 3 4 6 6 4 3 2 2 2 2     2 
1 2 4 4 2 3 4 3 3 1 2 2 2 2 3 2 3 3 2 2 3 3 1 1 5 5 2 4 3 2 2 3 2   1 1         1 1 2 2 2 2 1 1 1     1 1 1 2 1     3 4 4 6 5 3 1 3 2 3 4 5 5 4 3 3 4 3 3 3 4 4 3 3 4 5 6 3 1 2 3 2 2 2 1   1 1 2 1 3 2 3 3 3 4 6 4 2 5 5 5 4 4 2 2 2 1 2 1 1 2 3 3 3 4 4 3 3 4 4 3 3 3 2 2 3 3 3 3 4 3 2 2 2 1 1 1 2 2 2 2 3 2 2 2 3 4 3 3 4 4 4 4 4 4 3 2 4 4 5 4 5 6 7 3 3 2 2 3 2 1 
2 2 1 1 3 4 4 4 4 4 2 2 1 3 2 2 1 2 3 2 2 3 3 4 1 2 4 3 3 2 4 2 2 3 2   1 1 1         1 2 1 2 2   2 3 1 2 2 1 1 4 5 4 5 3 1 2 3 4 3 4 4 5 5 3 2 3 3 3 4 3 3 2 4 3 5 6 4 3 3 3 2 1       1 2 2 2 2 3 3 3 2 3 5 4 3 5 5 2 2 3 3 3 3 3 3 3 2 2 3 2 1 1 1 1 1 1       2 2 2 3 3 2 2 2 1 1 2 2 2 2 3 2 2 2 2 1 1 1 2 2 2 2 2 3 3 2 1 1 1 2 2 3 3 3 4 3 4 5 5 5 8 8 5 3 2 2 2 
3 3 3 3 1 2 2 2 3 4 4 4 4 2 2 2 3 2 1 2 2 2 2 1 4 3 2 4 2 3 2 2 3 3 2 4 2 2   1 1         1 2 2 4 4 2 4 3 2 2 4 3 4 3 2 3 2 2 3 4 3 3 3 1 2 4 4 3 3 3 3 3 3 3 3 6 5 3 3 1 1     1 2 2 2 3 3 3 3 3 3 1 3 4 3 3 5 6 5 4 4 4 2 2 1 2 1 1 1 1 1 1 1 1 1 1 2 2 2 2 2 2 1 1 1 1 1 2 2 2 3 2 2 2 2 1 1 2 2 2 2 2 2 2 2 1 1 1 2 2 2 3 2 2 2 1 1 1 2 2 2 3 3 3 4 4 5 5 8 8 6 4 3 
3 3 2 2 3 3 3 3 3 2 4 3 3 3 3 2 2 3 3 2 2 1 2 3 1 2 4 3 4 3 2 4 2 2 3 2 4 2 3 2 1 1 1     2 3 4 5 3 3 3 2 4 6 5 4 3 2 3 2 5 4 2   2 2 2 5 3 2 2 4 3 2 2 4 4 6 6 3 1 1   1 1 1 2 2 3 3 3 2 2 2 2 1 3 5 5 6 7 6 3 2 1 2 2 1 1 2 2 1 2 2 2 2 2 1 1 1 1 1             1 1 1 1 2 2 2 2 2 3 3 3 3 3 3 3 3 2 2 3 3 3 3 3 4 3 3 2 2 2 4 4 4 5 4 4 4 3 3 3 4 3 2 3 4 5 5 7 10 10 5 
17 15 10 8 7 5 4 5 4 5 4 4 5 6 3 5 3 1 2 3 3 4 2 1 2 3 1 1 3 3 4 2 2 2 3 2   2 3 1 2 3 2 3 5 2 2 1   3 4 5 7 5 3 4 4 3 4 3 3     1 4 4 4 3 1 3 4 3 3 3 4 5 4 6 3 1 1 1 1 1 1 3 3 3 3 2 2 2 2 3 2 4 5 6 6 5 4 3 2 2 2 3 2 2 2 2 1 1 1     1 2 2 2 2 2 2 2 3 3 3 3 3 3 2 2 2 2 1 1 1 1 2 2 2 2 2 3 3 3 3 3 3 3 2 1 1 3 2 3 3 3 3 3 2 2 2 2 3 4 4 4 4 3 2 3 4 4 4 4 5 5 5 8 15 
1 3 10 11 8 8 6 6 5 4 5 6 4 4 7 6 6 7 5 4 3 2 5 5 5 4 4 4 3 2 3 3 3 2 2 2 4 4 1 4 5 4 4 5 2 4 2 2 4 3 5 4 5 5 6 3 3 3 1     1 5 5 3 3 2 3 4 4 3 4 2 4 5 5 4 1 1 1 1 1 3 3 2 2 2 2 3 3 3 3 2 3 6 7 7 5 4 4 3 2 2 3 2 2 2 3 3 3 4 4 4 4 4 4 3 3 3 3 4 4 4 3 3 3 3 3 4 4 4 4 4 4 4 4 4 3 2 2 2 3 3 3 3 3 4 4 4 5 5 4 4 3 3 3 4 4 4 5 4 3 3 2 1 1 1 1 2 2 2 2 2 1 1 1 1 1 1 1 
1 1 1 3 7 7 7 6 6 6 5 3 4 4 3 4 4 5 7 4 5 5 4 2 3 4 5 4 4 6 3 3 4 6 2 4 5 4 5 5 2 3 6 3 5 4 5 5 4 3 2 5 3 4 4 4 2 1 2 3 4 5 1 3 3 3 5 4 3 2 2 3 6 5 3 1 1 1 2 2 2 3 1 2 4 3 3 3 1     3 9 10 8 7 7 5 4 4 5 5 5 4 4 3 3 2 2 4 3 3 3 3 3 2 2 2 2 2 1 2 2 2 2 3 3 3 2 2 1 1 2 2 2 2 2 2 3 3 3 2 2 3 3 3 3 3 3 3 4 5 4 4 3 3 3 2 2 2 3 4 2 2 2 2 2 2 2 3 2 2 2 2 2 2   1 1 1 
1 1 1 1 1 3 6 5 5 6 4 6 6 5 4 4 4 3 3 6 5 4 4 6 4 2 3 4 4 3 5 6 6 5 6 5 1 1 5 5 7 7 3 5 4 2 5 5 5 7 6 1 2 1   2 3 4 4 4 3 3 4 4 4 3 2 2 3 3 6 5 3 2 1 2 1 2 2 3 4 4 4 5 4 4 5 6 9 15 18 16 10 8 7 5 4 4 4 3 2 3 3 4 4 4 4 4 4 2 2 2 3 3 4 4 4 4 4 4 4 3 3 3 3 3 2 2 2 2 3 3 2 2 2 1 2 2 2 2 2 2 2 1 1                 1 2 2 2 2 2 2 1 1 2 3 3 3 3 3 3 3 2 2 2 3 3 2 3 2 2 1 
3 3 2 2 2 1 1 4 6 4 5 5 4 4 7 5 5 5 3 3 4 4 5 4 4 5 3 3 4 6 7 5 4 4 6 6 7 5 4 4 5 4 7 7 6 9 6 8 7 6 5 4 3 1 2 1 2 2 5 7 7 6 5 3 2 3 4 5 7 7 4 4 3 3 5 5 7 6 7 6 5 6 6 6 6 7 8 9 10 4 2 2 2   1 1 1 1 2 2 2 1 2 1 1 1 1 1 2 2 2 2 1 1           1 1 1 1 1 1   1 1 1 2 2 2 2 2 2 3 2 2 2 1 1 1 1 1 1 2 2 1 1 1 1 1 1 1 1     1 1 1 1 1 2 1 1 1 2 2 2 2 2 2 2 1 1 2 3 3 3 3 
2 2 2 2 2 2 2 2 2 4 6 4 5 5 4 4 5 5 5 6 4 4 3 5 4 5 7 8 5 3 1 4 7 6 7 6 7 9 5 5 3 4 5 5 7 6 8 5 4 1 2 5 4 6 4 2 4 7 7 4 6 5 8 6 7 8 7 7 3 4 3 4 4 6 5 5 4 4 3 5 4 4 6 5 7 6 7 5 2 2 2 1 1 2 2 2 2 2 1 1 1 1   1 1 1 1 1           1 1 1 1 1 1     1 1 2 2 2 2 2 2 1 1 1 1 1 1 1 1 1 1 2 2 2 2 2 2 2 2 3 2 2 2 2 2 2 2 3 2 2 2 2 3 3 3 3 2 2 2 1 1 1 3 3 2 2 2 2 1 1 1 2 
2 2 3 3 3 3 3 2 1 2 1 4 5 4 4 4 4 3 6 4 7 6 6 6 7 5 3 3 3 6 7 5 4 5 6 7 8 7 8 8 5 5 5 7 6 6 2 3 4 5 5 5 4 5 7 10 9 6 7 7 7 9 8 8 7 4 5 6 6 6 6 4 4 2 3 3 2 5 4 4 5 5 6 5 5 4 2 2 3 3 2 2 2 1         1 1 1 1 1         1 2 2 2 2 2 1 1 1 1 1 2 2 2 1 1               1 1 1 1 1 1 1 1 1 1 1 1 1 1 1 1 1 1 2 2 2 2 2 2 2 2 2 2 2 2 2 2 2 3 3 3 3 3 3 2 1   1 2 2 2 2 3 3 2 
2 2 1 1 2 3 3 4 4 3 3 2 2 5 5 4 4 6 5 5 4 5 6 5 4 5 7 5 7 5 6 8 7 6 6 7 5 8 8 7 10 8 6 5 4 4 6 6 5 6 7 3 8 7 7 9 10 8 7 6 4 4 4 7 11 11 8 4 3 1 2 3 4 5 3 4 5 3 5 4 6 4 4 4 3 3 3 2           1 1 2 2 2 1 1 1 1 1 2 2 2 2 1     1 1 1 2 2 2 2 2 1 1 1 1 1 1 1 1 1 1 1 1                                                     1 1 1 1 1 1 1 1 1 1 1 2 2 3 3 3 3 2 2 2 3 2 2 2 
2 2 2 2 1       1 2 3 3 3 3 4 6 6 5 5 6 6 6 5 6 7 6 4 5 4 6 6 7 7 10 8 8 7 7 10 10 10 11 7 4 5 6 4 6 6 4 3 6 6 9 10 10 6 9 6 9 10 9 8 6 2 3 4 5 6 5 6 5 4 4 4 5 4 5 4 4 3 4 2 2 1 1 1 1 2 2 2 2 2 1 1   1 1 2 2 2 2 2 1 1 1 1 2 2 2 1 1 1                                                                                                       1 1 1 1 1 1 2 2 2 2 2 2 1 1 1 2 
2 2 3 3 3 3 3 3 2 2 1 3 3 3 3 4 4 5 4 4 4 4 5 4 5 7 6 7 10 9 8 7 8 7 7 8 13 10 9 12 12 12 12 9 2 3 4 1 5 8 7 11 11 8 8 5 6 9 8 8 7 6 5 5 4 5 6 6 8 7 4 4 4 4 5 4 5 4 4 4 3 2 2 3 2 3 2 2 1 1 1 1 1 2 2 2 1 1           1 1 1 1                                   1 1 1 1 1 1 1 1 1 1 1 1 1 1 1 1 1 1 1 1 1 1 1 1 1 1 1 1 1 1 1 1 1 1 1 1 1 1 1 1 1 1 1 1 1 1 1 2 2 3 3 3 3 3 3 2 
2 2 1 1 1 2 2 2 3 3 3 2 2 2 2 2 1 2 4 4 4 5 5 5 6 7 9 9 9 9 8 6 6 7 10 9 6 10 10 7 8 8 14 19 24 2 7 9 5 5 11 10 9 8 6 10 8 5 6 7 7 7 7 8 9 4 4 3 1 6 8 8 7 7 6 3 3 4 4 4 4 4 3 1 1       1 1 1 1 1           1 1 2 2 2 1 1 1 1 1 1 1 1 1 1 1 1 1 1 1 1 1 1 1 1 1                                                                                                         1 2 2 2 
1 1 1 1 2 2 2 2 3 3 3 2 2 2 2 2 4 4 4 4 5 5 4 5 5 5 7 8 6 6 7 9 9 7 4 6 7 6 5 7 5 6 3 4 7 30 24 14 16 17 13 10 8 10 10 6 10 9 9 7 6 8 6 5 6 7 7 8 8 6 5 6 5 2 4 6 6 3 2 1   1 1 3 3 3 3 3 1 1 1 1 1 2 2 2 2 2 1 1                                                                                                                                                               1 
    1 1 1 1 1 1     1 2 2 2 2 2 2 1 1 2 2 3 4 4 4 3 2 1 2 2 3 3 3 4 5 3 3 2 3 2 4 4 5 4 3   2 11 10 8 7 7 7 6 6 6 4 4 4 3 4 2 4 4 3 5 4 4 4 3 3 2 3 5 3 2 1 2 2 2 2 1 1           1 1 1 1 1                                                                                                                                                                               
